obs_id      RA         DEC  filter user_prior obs_time             total_time
001101   202.65952   -6.25000   0   1           0                 1.9761111111111112
001102   209.59920   -6.25000   0   2           0                 1.9761111111111112
001103   216.53888   -6.25000   0   1           0                  0.30027777777777775
001104   223.47856   -6.25000   0   2           0                  0.28
001105   230.41824   -6.25000   0   1           0                  0.275
001106   237.35792   -6.25000   0   2           0                  0.275
001107   244.29760   -6.25000   0   1           0                  0.30027777777777775
001108   251.23728   -6.25000   0   2           0                  0.28
001109   258.17696   -6.25000   0   1           0                  0.275
001110   265.14043   -6.25000   0   2           0.31               0.9183333333333333
001111   271.96930   -6.25000   0   1           0                  0.7461111111111111
001112   278.99600   -6.25000   0   2           0                  0.795
001113   285.91848   -6.25000   0   1           0                  0.39
001114   292.70557   -6.25000   0   2           5.710000000000001  6.533888888888889
001115   299.71911   -6.25000   0   1           0                  1.35
001116   306.62681   -6.25000   0   2           0                  2.433333333333333
001117   313.53452   -6.25000   0   1           0                  1.3483333333333334
001118   320.44222   -6.25000   0   2           0                  2.433333333333333
001119   327.34993   -6.25000   0   1           0                  1.5
001120   334.25763   -6.25000   0   2           0                  2.433333333333333
001470   134.87268   51.35000   0   2           0                  1.5022222222222221
001471   145.30492   51.35000   0   1           0                  1.8133333333333332
001472   155.73716   51.35000   0   2           0                  0.28194444444444444
001473   166.15090   51.35000   0   1           0                  0.39
001474   176.60164   51.35000   0   2           0                  0.39
001475   187.03388   51.35000   0   1           0                  0.39
001476   197.46612   51.35000   0   2           0                  0.39
001477   207.89836   51.35000   0   1           0                  0.39
001478   218.33060   51.35000   0   2           0                  0.39
001479   228.76284   51.35000   0   1           0                  0.39
001480   239.19508   51.35000   0   2           0                  0.39
001481   249.56881   51.35000   0   1           0                  0.39
001482   260.05956   51.35000   0   2           0                  1.0791666666666666
001483   270.49180   51.35000   0   1           0                  1.0791666666666666
001484   280.92404   51.35000   0   2           0                  1.0791666666666666
001485   291.35628   51.35000   0   1           0                  1.2875
001486   301.78852   51.35000   0   2           0                  1.2875
001487   312.03909   51.35000   0   1           0                  0.9933333333333333
001488   322.65300   51.35000   0   2           0                  1.5155555555555555
001489   332.57240   51.35000   0   1           0                  0.6266666666666667
001490   342.47474   51.35000   0   2           0                  1.5155555555555555
001491   352.41120   51.35000   0   1           0                  0.6266666666666667
001492   7.20256   58.55000   0   2             0                  0.7266666666666667
001493   18.98986   58.55000   0   1            0                  1.5544444444444445
001494   30.98986   58.55000   0   2            0                  0.3125
001495   43.18422   58.55000   0   1            0                  0.47833333333333333
001496   54.98986   58.55000   0   2            0.1                0.3125
001498   78.98986   58.55000   0   2            0                  0.47833333333333333
001499   90.98986   58.55000   0   1            0                  0.4741666666666667
001500   102.98986   58.55000   0   2           0                  0.3125